Essalem aleikoum , la promotion AppartAffaire vous annonce le lancement de sa nouvelle résidence L'Aquarelle. Informations sur : https://bit.ly/3m06bFB
05149927150
0540064210
0540168030
0540410722
0540429514
0540432012
0540438767
0540442441
0540451184
0540461100
0540465422
0540510402
0540526793
0540540087
0540546757
0540606329
0540633510
0540639522
0540665838
0540666530
0540667162
0540667933
0540691960
0540695934
0540705706
0540723618
0540730579
0540734145
0540735701
0540735701
0540752944
0540762438
0540788970
0540817576
0540828889
0540835836
0540891161
0540895559
0540895559
0540907206
0540909220
0540912709
0540931328
0540933710
0540936307
0540949640
0540959125
0540959307
0540990044
0541021067
0541045405
0541069420
0541085094
0541110950
0541112977
0541113267
0541130794
0541141195
0541161973
0541185643
0541191651
0541196603
0541220541
0541222560
0541224955
0541245995
0541248023
0541309949
0541319824
0541322764
0541331111
0541345780
0541364541
0541371236
0541382396
0541401671
0541411891
0541429992
0541452423
0541458676
0541483846
0541506218
0541523606
0541572328
0541594314
0541626639
0541683975
0541719822
0541721771
0541723310
0541735173
0541743016
0541771067
0541780234
0541792105
0541826948
0541871293
0541898142
0541902154
0541924703
0541928980
0541958122
0542019215
0542019215
0542032527
0542050492
0542090181
0542108591
0542163287
0542177441
0542190809
0542194079
0542219894
0542224110
0542244819
0542279098
0542295604
0542297627
0542298825
0542313744
0542345074
0542350251
0542350551
0542358337
0542379189
0542383398
0542391670
0542394262
0542404148
0542422403
0542499579
0542500165
0542535530
0542561749
0542612303
0542613660
0542613933
0542627608
0542637930
0542644150
0542646061
0542687282
0542713630
0542723157
0542727340
0542749395
0542756614
0542765894
0542792275
0542803012
0542921894
0542932119
0542935548
0542957165
0542973324
0549003373
0549017230
0549035472
0549064964
0549072976
0549107113
0549137639
0549156107
0549160225
0549165679
0549214948
0549229829
0549242665
0549271209
0549276991
0549310092
0549313370
0549386877
0549397327
0549482099
0549483221
0549505193
0549518368
0549572529
0549578873
0549588064
0549600806
0549641459
0549646624
0549647865
0549690393
0549696853
0549697986
0549697986
0549704751
0549729993
0549742292
0549774875
0549784723
0549800568
0549844813
0549869720
0549876872
0549882966
0549889981
0549894802
0549896125
0549904611
0549918490
0549937795
0549967540
0550000000
0550005220
0550012840
0550015051
0550015490
0550016146
0550019436
0550020016
0550025187
0550025958
0550026494
0550033494
0550033785
0550033809
0550034573
0550039812
0550040036
0550041076
0550043490
0550050591
0550050728
0550053554
0550058394
0550062849
0550064078
0550065013
0550070747
0550071444
0550074523
0550077157
0550080944
0550081380
0550083251
0550084561
0550084741
0550091900
0550092348
0550094646
0550096497
0550096745
0550100005
0550101144
0550101160
0550102016
0550102876
0550104068
0550104505
0550107309
0550108882
0550110250
0550113365
0550114099
0550114099
0550116715
0550121288
0550121695
0550123605
0550124730
0550127154
0550128060
0550128290
0550133343
0550133823
0550135828
0550137150
0550142898
0550145097
0550148494
0550149431
0550149552
0550151575
0550154634
0550155937
0550157063
0550159837
0550160623
0550163362
0550164809
0550164937
0550166877
0550167773
0550169097
0550176014
0550177365
0550179821
0550180933
0550183798
0550185766
0550189972
0550191634
0550194014
0550196429
0550202827
0550206819
0550212086
0550212450
0550212517
0550214529
0550214768
0550220121
0550229961
0550233704
0550234344
0550235229
0550238586
0550238895
0550239849
0550240821
0550240981
0550242233
0550242477
0550242708
0550243555
0550245359
0550246880
0550248417
0550252827
0550253259
0550256395
0550257868
0550262725
0550269191
0550270604
0550271292
0550273803
0550274916
0550276182
0550276324
0550277268
0550278879
0550280383
0550281768
0550282700
0550283951
0550287800
0550289906
0550293517
0550293904
0550295187
0550299772
0550304725
0550309132
0550309295
0550311326
0550314177
0550316705
0550321579
0550323275
0550323316
0550324866
0550326125
0550326482
0550328988
0550330465
0550334509
0550335083
0550337023
0550339365
0550341240
0550341605
0550343344
0550349065
0550349162
0550357555
0550365594
0550366034
0550366121
0550368285
0550375810
0550377011
0550379027
0550380308
0550381458
0550385516
0550388012
0550389648
0550391997
0550393883
0550396270
0550396950
0550399240
0550399467
0550400279
0550400401
0550401021
0550401036
0550401603
0550403085
0550403150
0550403510
0550404455
0550405009
0550405430
0550405838
0550408180
0550409480
0550410074
0550410550
0550413004
0550413329
0550414474
0550414779
0550416860
0550416860
0550417322
0550417341
0550418159
0550418587
0550419649
0550420215
0550420301
0550420361
0550423982
0550424102
0550424111
0550424343
0550424789
0550427722
0550430063
0550432439
0550434447
0550436575
0550440246
0550442659
0550446656
0550447845
0550454130
0550455985
0550456912
0550457660
0550462670
0550464059
0550466056
0550466556
0550467792
0550468708
0550470770
0550471183
0550471360
0550472263
0550472939
0550473121
0550474207
0550475319
0550475688
0550476627
0550477535
0550478400
0550480205
0550480251
0550484523
0550484888
0550485379
0550485407
0550486216
0550486319
0550486335
0550487021
0550487864
0550488661
0550489673
0550491460
0550492570
0550495284
0550495549
0550497536
0550497657
0550497709
0550505050
0550505090
0550506376
0550506742
0550506800
0550508042
0550508800
0550512195
0550512482
0550513930
0550519230
0550520327
0550526036
0550527756
0550529629
0550530101
0550534867
0550536460
0550537066
0550538969
0550540080
0550541175
0550541813
0550543040
0550543341
0550544830
0550544883
0550544883
0550546934
0550552645
0550553419
0550553444
0550556336
0550557414
0550558736
0550559014
0550562173
0550562616
0550564422
0550574088
0550574770
0550575841
0550576468
0550576651
0550578009
0550578017
0550579592
0550580999
0550581115
0550581966
0550582111
0550583721
0550584589
0550584695
0550584977
0550585069
0550585069
0550586999
0550588044
0550588548
0550588835
0550589222
0550590856
0550591992
0550591998
0550592934
0550594088
0550594499
0550601019
0550603408
0550609620
0550609701
0550611111
0550613784
0550613832
0550614115
0550615177
0550615256
0550621267
0550624394
0550626382
0550634168
0550635673
0550639231
0550639572
0550639572
0550643951
0550647864
0550647924
0550648311
0550648496
0550651820
0550652814
0550654017
0550656511
0550657672
0550659083
0550661431
0550665516
0550665701
0550666246
0550667848
0550667875
0550669537
0550670085
0550671527
0550672412
0550672486
0550676342
0550677029
0550678203
0550679291
0550680774
0550681816
0550683365
0550684600
0550686574
0550688459
0550691987
0550696336
0550701027
0550702169
0550703556
0550703988
0550704621
0550704853
0550705756
0550709014
0550710893
0550711490
0550713978
0550715769
0550717505
0550717972
0550717972
0550719239
0550726748
0550727890
0550731981
0550734544
0550739333
0550742219
0550745495
0550747080
0550747780
0550752162
0550756572
0550756613
0550759457
0550760224
0550765896
0550767810
0550768714
0550769020
0550769738
0550770439
0550772419
0550772419
0550774215
0550779345
0550782932
0550783068
0550783335
0550784417
0550790435
0550790806
0550794571
0550799159
0550800620
0550801605
0550801717
0550802875
0550805782
0550807780
0550808136
0550808136
0550809638
0550814956
0550818376
0550819722
0550820615
0550822837
0550826543
0550830796
0550833026
0550834253
0550836750
0550838590
0550839836
0550843148
0550843333
0550847206
0550848001
0550848906
0550858485
0550858680
0550863187
0550876047
0550882888
0550883422
0550883498
0550883846
0550887883
0550888104
0550891101
0550892355
0550895990
0550898626
0550899694
0550900635
0550903631
0550905492
0550908034
0550908817
0550910021
0550910399
0550910501
0550913370
0550914834
0550915262
0550917648
0550924870
0550930067
0550931530
0550932425
0550938489
0550947696
0550949494
0550950008
0550953969
0550957090
0550960008
0550961976
0550964447
0550968995
0550969286
0550970166
0550972926
0550976097
0550977642
0550979805
0550980689
0550982065
0550984943
0550994741
0550995556
0550995706
0550996477
0550996668
0550997787
0550998186
0551001277
0551006422
0551015516
0551020591
0551042492
0551072108
0551074282
0551080777
0551085838
0551122113
0551143764
0551171034
0551171717
0551181546
0551181740
0551185770
0551188931
0551201514
0551201514
0551202299
0551206295
0551215280
0551222977
0551237215
0551241177
0551242125
0551242210
0551244629
0551250952
0551258892
0551269424
0551279313
0551282892
0551282892
0551282892
0551282892
0551289391
0551300088
0551324326
0551331486
0551355541
0551366754
0551382782
0551382808
0551398205
0551411676
0551413575
0551431873
0551434002
0551452253
0551461125
0551464929
0551475471
0551478436
0551495167
0551495480
0551496037
0551498977
0551507780
0551529629
0551540398
0551547933
0551553620
0551561900
0551572929
0551581720
0551587573
0551598483
0551613820
0551659141
0551666170
0551711217
0551759432
0551762295
0551762612
0551763379
0551764484
0551765491
0551789679
0551796899
0551797786
0551802789
0551803024
0551823031
0551831174
0551831706
0551833961
0551839746
0551874070
0551885119
0551899762
0551926902
0551949870
0551964865
0551972740
0551983440
0552002429
0552005000
0552019002
0552030333
0552034849
0552057240
0552073107
0552095238
0552096569
0552098499
0552101257
0552104977
0552109502
0552119311
0552127920
0552145393
0552169095
0552173740
0552174268
0552180695
0552198395
0552211654
0552215242
0552216629
0552217982
0552219573
0552220496
0552223442
0552223462
0552223462
0552233988
0552242510
0552252505
0552260706
0552266617
0552270452
0552271112
0552278215
0552293222
0552293485
0552294241
0552294241
0552312674
0552312767
0552313791
0552313791
0552325360
0552327352
0552337404
0552340492
0552345123
0552349185
0552352960
0552353540
0552361262
0552361324
0552370125
0552370125
0552374607
0552382831
0552390764
0552396494
0552404346
0552404346
0552409978
0552411775
0552411824
0552415242
0552420840
0552421087
0552483994
0552490781
0552506902
0552515000
0552520524
0552527231
0552540948
0552548076
0552554877
0552565707
0552572749
0552583597
0552587999
0552594647
0552610524
0552612989
0552618860
0552621478
0552621592
0552632170
0552646952
0552650237
0552677122
0552678780
0552680520
0552700005
0552716573
0552721827
0552729983
0552736921
0552766432
0552769101
0552772248
0552793184
0552793603
0552797322
0552797322
0552801409
0552809009
0552823567
0552842287
0552870259
0552871328
0552875888
0552883036
0552883690
0552886492
0552888635
0552898753
0552900845
0552901251
0552912515
0552923002
0552928330
0552970572
0552999789
0553010960
0553014483
0553015331
0553025660
0553038388
0553058859
0553060340
0553068283
0553083600
0553116650
0553128878
0553137584
0553137612
0553144446
0553148276
0553152982
0553154280
0553161034
0553188956
0553198766
0553200912
0553204114
0553204598
0553210029
0553211684
0553218613
0553219984
0553225865
0553230565
0553236621
0553237843
0553241128
0553242411
0553254313
0553279334
0553285109
0553289735
0553297564
0553303132
0553305427
0553315524
0553323470
0553323470
0553325589
0553327123
0553334016
0553337831
0553356523
0553357690
0553363682
0553367793
0553383361
0553391159
0553392597
0553401031
0553402242
0553404424
0553410956
0553412664
0553418276
0553437151
0553444364
0553470759
0553479114
0553481499
0553482322
0553483385
0553505727
0553521077
0553521200
0553522153
0553527124
0553527781
0553530389
0553532654
0553533401
0553543980
0553551764
0553568406
0553586299
0553592464
0553599145
0553601664
0553618628
0553632374
0553640415
0553645013
0553650074
0553670765
0553676987
0553699132
0553700485
0553722842
0553730797
0553746536
0553746716
0553747594
0553764050
0553764319
0553777353
0553785600
0553787753
0553820458
0553826165
0553834448
0553850313
0553855080
0553863426
0553864161
0553895106
0553900335
0553903920
0553904409
0553919623
0553936625
0553936625
0553955909
0553958062
0553959943
0553989737
0553996585
0553997247
0553999360
0554000069
0554017914
0554029291
0554031460
0554038727
0554042882
0554056343
0554060817
0554062739
0554071882
0554084723
0554085403
0554096558
0554107844
0554118201
0554132903
0554134998
0554148636
0554160993
0554161676
0554167704
0554194879
0554206349
0554223454
0554229156
0554237334
0554244206
0554244206
0554247906
0554259497
0554269381
0554278191
0554315447
0554340025
0554344591
0554358943
0554364733
0554366860
0554369317
0554384970
0554394899
0554396689
0554448444
0554503693
0554504339
0554505518
0554506215
0554508456
0554512055
0554513876
0554519036
0554540184
0554540951
0554540988
0554541372
0554541424
0554542799
0554555300
0554555344
0554559045
0554570567
0554587393
0554592200
0554593940
0554597160
0554614033
0554656805
0554663190
0554670349
0554672807
0554672966
0554678692
0554684337
0554707166
0554707827
0554708559
0554709129
0554723483
0554723483
0554730254
0554731325
0554732245
0554739021
0554739095
0554747890
0554753151
0554760314
0554771524
0554773487
0554778301
0554791665
0554794490
0554796388
0554837933
0554838514
0554847374
0554860826
0554861423
0554900788
0554901444
0554923155
0554963039
0554993292
0554997873
0555002272
0555003340
0555003815
0555005000
0555005110
0555007809
0555008093
0555010178
0555010355
0555011000
0555011093
0555011373
0555012075
0555014165
0555017252
0555018333
0555019847
0555024479
0555024939
0555027170
0555027415
0555028860
0555033882
0555034015
0555034163
0555034240
0555034276
0555034840
0555035061
0555035061
0555035446
0555036333
0555036520
0555036910
0555036989
0555037507
0555038192
0555039280
0555039300
0555041784
0555042730
0555042853
0555043030
0555045799
0555047149
0555051344
0555052670
0555052800
0555056209
0555061389
0555061426
0555062887
0555064492
0555068630
0555068950
0555070872
0555071416
0555081371
0555086900
0555092942
0555093538
0555107921
0555117710
0555124041
0555142850
0555147456
0555150009
0555155244
0555157863
0555158888
0555160010
0555167740
0555170540
0555172557
0555175051
0555176898
0555177931
0555180838
0555181598
0555183513
0555185597
0555186778
0555186870
0555188977
0555191166
0555191205
0555191302
0555192342
0555194690
0555202301
0555210861
0555212792
0555214066
0555226571
0555244178
0555244737
0555254006
0555263744
0555293620
0555295126
0555298442
0555317509
0555319540
0555335566
0555348004
0555355373
0555361600
0555363222
0555386698
0555390772
0555405880
0555408052
0555410415
0555412628
0555413017
0555414408
0555414660
0555417664
0555426773
0555430815
0555434984
0555435926
0555438660
0555450548
0555458084
0555458715
0555464737
0555487665
0555491322
0555495009
0555503451
0555506500
0555507259
0555511744
0555514105
0555515205
0555519442
0555524453
0555525179
0555528689
0555530441
0555537751
0555538000
0555543858
0555545838
0555549916
0555556846
0555570928
0555570976
0555571046
0555573347
0555589527
0555603146
0555611062
0555613555
0555614010
0555614361
0555615137
0555615137
0555616601
0555616732
0555617872
0555622452
0555625217
0555625286
0555626035
0555626431
0555628543
0555645862
0555651364
0555659903
0555662280
0555662440
0555682529
0555688366
0555695554
0555696779
0555720883
0555721245
0555724805
0555724890
0555738457
0555744164
0555775289
0555776735
0555776882
0555779495
0555779529
0555779662
0555781121
0555781222
0555782205
0555784191
0555797684
0555797734
0555798287
0555798287
0555798814
0555824928
0555825599
0555829806
0555836253
0555840216
0555845518
0555846197
0555849853
0555850067
0555855932
0555856686
0555865685
0555870609
0555874639
0555882258
0555886147
0555900067
0555903009
0555907355
0555911201
0555911453
0555912820
0555915532
0555921756
0555926170
0555929866
0555930011
0555944011
0555949834
0555957151
0555979894
0555990065
0555995835
0555996568
0556004873
0556013162
0556017777
0556052894
0556058266
0556065395
0556075175
0556078586
0556091312
0556104360
0556110814
0556135930
0556144809
0556145123
0556145452
0556181100
0556214554
0556215697
0556220120
0556224144
0556228947
0556231347
0556235936
0556270952
0556276044
0556281346
0556284160
0556286191
0556290004
0556302342
0556302929
0556324038
0556336843
0556339720
0556339720
0556355501
0556359566
0556362866
0556377099
0556387856
0556397848
0556398939
0556399022
0556404096
0556413808
0556417027
0556430541
0556437464
0556440724
0556454823
0556459361
0556462725
0556466535
0556474884
0556479641
0556480569
0556497410
0556499845
0556502362
0556506148
0556521169
0556521169
0556532918
0556534475
0556546514
0556557370
0556566515
0556574210
0556577859
0556580953
0556597459
0556601715
0556602481
0556617796
0556618619
0556643690
0556643968
0556646529
0556655698
0556660162
0556680336
0556688377
0556713189
0556719282
0556746150
0556754434
0556759733
0556800144
0556804522
0556805861
0556810260
0556812914
0556815424
0556817021
0556826488
0556834280
0556842598
0556842903
0556849893
0556858282
0556861586
0556873364
0556890055
0556893105
0556894315
0556901689
0556907330
0556911862
0556915766
0556931560
0556942127
0556942162
0556947171
0556961106
0556970883
0556974830
0556990763
0557000981
0557010782
0557015485
0557017030
0557019824
0557025111
0557037392
0557044396
0557048773
0557061089
0557067576
0557067723
0557094736
0557098584
0557103825
0557113534
0557119279
0557131071
0557141609
0557168492
0557195881
0557198000
0557199960
0557207895
0557224983
0557228210
0557246134
0557246291
0557252693
0557253314
0557261525
0557262457
0557265000
0557291692
0557292907
0557301783
0557305259
0557311473
0557314008
0557333500
0557333708
0557337556
0557367973
0557369273
0557402553
0557404867
0557422403
0557431892
0557452917
0557469356
0557474416
0557481520
0557482509
0557494197
0557507877
0557509724
0557512352
0557542308
0557554334
0557555994
0557559953
0557560008
0557591429
0557603371
0557604001
0557606582
0557610799
0557634148
0557634148
0557634349
0557636406
0557636406
0557636406
0557655040
0557661294
0557687116
0557697297
0557702801
0557705321
0557719980
0557721043
0557724453
0557728896
0557739585
0557742148
0557749643
0557759077
0557759090
0557763050
0557770070
0557779452
0557790032
0557793804
0557794800
0557807981
0557816800
0557820700
0557829601
0557833808
0557839231
0557846965
0557851520
0557862701
0557872809
0557901529
0557923440
0557939384
0557944577
0557947263
0557953410
0557963629
0557966569
0557967321
0557971869
0557990545
0558016982
0558019335
0558036334
0558059995
0558067640
0558086787
0558087237
0558087358
0558105360
0558118939
0558150088
0558177088
0558189297
0558216065
0558259171
0558260016
0558273134
0558274227
0558280006
0558298222
0558315338
0558334158
0558341458
0558357469
0558383443
0558394126
0558419907
0558448240
0558449224
0558449782
0558453289
0558460333
0558465370
0558467952
0558490529
0558501738
0558504420
0558517616
0558522630
0558532747
0558538328
0558545232
0558555176
0558560097
0558564282
0558595693
0558600951
0558612633
0558620214
0558648824
0558651233
0558657328
0558669559
0558680349
0558700514
0558730134
0558741981
0558750811
0558752513
0558767692
0558788475
0558792083
0558800506
0558816457
0558841916
0558844901
0558852212
0558863346
0558869389
0558915044
0558917270
0558924974
0558977446
0558980208
0558981127
0558983565
0558988244
0559014815
0559025189
0559031110
0559044159
0559053761
0559054099
0559054303
0559055370
0559059692
0559059734
0559059819
0559060307
0559062100
0559072202
0559097700
0559098143
0559109026
0559110385
0559117045
0559117045
0559118670
0559126597
0559126970
0559131073
0559131174
0559135377
0559144945
0559149248
0559155594
0559155873
0559182321
0559182321
0559206377
0559232464
0559233572
0559237211
0559263068
0559281762
0559299628
0559300006
0559303360
0559306429
0559306532
0559306781
0559313913
0559326803
0559337118
0559343728
0559358652
0559365514
0559366501
0559374377
0559374399
0559383678
0559385163
0559393433
0559405310
0559407152
0559409135
0559409135
0559416557
0559433234
0559443223
0559446930
0559469683
0559470691
0559471076
0559472054
0559479888
0559481399
0559488032
0559496608
0559506172
0559535077
0559535077
0559555113
0559578245
0559581430
0559590206
0559605428
0559610548
0559640768
0559661854
0559678586
0559743828
0559766199
0559779004
0559793230
0559799293
0559801018
0559805144
0559805931
0559806699
0559827133
0559867254
0560000330
0560003752
0560008601
0560010087
0560010903
0560011534
0560011947
0560014344
0560015576
0560017055
0560022428
0560027700
0560028734
0560029519
0560030565
0560030713
0560034559
0560035801
0560038427
0560039417
0560050069
0560050617
0560056089
0560057641
0560058755
0560060049
0560060958
0560061828
0560062613
0560065328
0560065968
0560069081
0560070607
0560072296
0560072415
0560072834
0560073319
0560077673
0560078284
0560083060
0560084581
0560085163
0560090175
0560090303
0560093407
0560093639
0560097920
0560098927
0560100112
0560100272
0560100918
0560101294
0560106078
0560110243
0560113256
0560120364
0560122930
0560132012
0560136855
0560137261
0560140007
0560140007
0560140151
0560142256
0560153389
0560164039
0560165544
0560175666
0560178980
0560180548
0560192629
0560199282
0560204565
0560207907
0560207962
0560217601
0560218084
0560222307
0560229334
0560231544
0560236594
0560237829
0560242752
0560250720
0560259125
0560260479
0560261534
0560270768
0560272390
0560274215
0560279050
0560280128
0560287370
0560309033
0560310373
0560310959
0560311019
0560312098
0560312098
0560313429
0560318418
0560330200
0560330861
0560330942
0560331400
0560334579
0560335157
0560338268
0560340010
0560340980
0560348115
0560363950
0560366281
0560375918
0560375918
0560379622
0560393696
0560395996
0560404596
0560406515
0560408656
0560408920
0560428211
0560436460
0560436824
0560462005
0560467967
0560494940
0560500760
0560500827
0560517645
0560523869
0560528052
0560534555
0560541929
0560566144
0560570572
0560600090
0560601953
0560602102
0560606200
0560610365
0560613263
0560643131
0560657452
0560659284
0560659741
0560688382
0560690000
0560694881
0560703995
0560715590
0560743822
0560751012
0560753122
0560772971
0560777867
0560804280
0560810024
0560828852
0560831444
0560849565
0560871434
0560883955
0560884979
0560886069
0560888895
0560893565
0560894621
0560903023
0560905955
0560906196
0560908197
0560909083
0560909757
0560910386
0560914536
0560915253
0560916899
0560920082
0560930743
0560933092
0560936218
0560939811
0560940782
0560941715
0560951198
0560952823
0560953270
0560953270
0560953580
0560955274
0560957814
0560958208
0560961091
0560965063
0560971423
0560971842
0560973596
0560976534
0560976954
0560980163
0560980576
0560980664
0560983436
0560983944
0560986801
0560987785
0560988004
0560988060
0560993388
0560999821
0561009666
0561010879
0561062618
0561063697
0561092043
0561101813
0561114662
0561119522
0561122937
0561136805
0561142857
0561176139
0561184521
0561212359
0561232861
0561244607
0561244910
0561248432
0561252503
0561264895
0561270300
0561274899
0561313926
0561316149
0561322054
0561340210
0561340210
0561362316
0561374216
0561391248
0561393961
0561428168
0561442246
0561444888
0561447602
0561456407
0561468855
0561491680
0561497230
0561505878
0561513234
0561514381
0561515751
0561531931
0561536488
0561564523
0561583831
0561585099
0561593095
0561593418
0561600541
0561602422
0561602450
0561602839
0561604037
0561609031
0561612609
0561613773
0561613870
0561614284
0561615508
0561615509
0561616488
0561623657
0561623854
0561623856
0561623856
0561624847
0561627195
0561630459
0561630459
0561631431
0561639325
0561639807
0561640693
0561653612
0561653681
0561656867
0561658451
0561661108
0561661679
0561661679
0561666294
0561667300
0561667983
0561668307
0561673504
0561673713
0561673782
0561674007
0561674477
0561674772
0561675546
0561681954
0561684143
0561684176
0561684176
0561685000
0561685705
0561687231
0561687954
0561688479
0561698373
0561701539
0561703416
0561704146
0561716016
0561721490
0561727981
0561735634
0561736065
0561736833
0561747643
0561754461
0561772641
0561773146
0561774219
0561774380
0561789884
0561790005
0561790054
0561803514
0561820373
0561854038
0561854038
0561869169
0561869544
0561883369
0561894856
0561927822
0561930273
0561940079
0561963228
0561967733
0561970350
0561971182
0561994878
0655139598
0655149473
0655225481
0655244151
0655280077
0655304447
0655304447
0655395894
0655421010
0655424651
0655430268
0655518932
0655630410
0655693698
0655786921
0655853910
0655864202
0655904830
0656087972
0656088820
0656135114
0656153354
0656158441
0656162347
0656162748
0656181798
0656195121
0656239128
0656243385
0656280899
0656321036
0656361787
0656450902
0656463259
0656552697
0656562410
0656579916
0656666666
0656827893
0656909159
0657012376
0657047486
0657068212
0657210798
0657240660
0657360365
0657390429
0657454518
0657490956
0657501077
0657520293
0657550965
0657556367
0657641641
0657700021
0657735225
0657762235
0657906015
0658004184
0658006418
0658030303
0658091044
0658184602
0658187590
0658200186
0658214797
0658219823
0658249563
0658279828
0658283740
0658366888
0658465364
0658477695
0658489196
0658592017
0658620126
0658723435
0658777371
0658884663
0659014012
0659061984
0659107816
0659122573
0659130318
0659136239
0659181014
0659188039
0659227030
0659233337
0659268327
0659281748
0659315747
0659374427
0659380498
0659408242
0659432342
0659493949
0659530344
0659531199
0659597059
0659631361
0659666672
0659701502
0659719871
0659985480
0660030002
0660198548
0660207176
0660321676
0660346195
0660362976
0660364486
0660364744
0660371937
0660375045
0660377148
0660404061
0660405866
0660415600
0660423649
0660440604
0660444993
0660455623
0660461189
0660468090
0660494342
0660512759
0660513050
0660572845
0660578958
0660641188
0660646833
0660649121
0660650128
0660669222
0660701181
0660713245
0660739282
0660744626
0660770884
0660805874
0660824560
0660838822
0660842525
0660843626
0660844718
0660844996
0660848147
0660849286
0660860798
0660882108
0660882117
0660885842
0660893285
0660929292
0661040967
0661042704
0661055550
0661101058
0661103369
0661109046
0661111130
0661112240
0661127031
0661133858
0661138889
0661138957
0661140883
0661144900
0661151608
0661160134
0661165920
0661170085
0661170858
0661170887
0661173640
0661173640
0661178501
0661179732
0661199393
0661203054
0661204410
0661207310
0661214366
0661214419
0661215395
0661221232
0661225454
0661226245
0661228477
0661229241
0661230316
0661232350
0661233859
0661241126
0661244323
0661245378
0661251967
0661253164
0661253611
0661254319
0661254607
0661259443
0661260265
0661260265
0661267225
0661268597
0661269111
0661270195
0661270570
0661273329
0661281083
0661282805
0661282933
0661286854
0661287312
0661287392
0661287392
0661289674
0661295170
0661300369
0661308001
0661308851
0661312123
0661317429
0661318156
0661321102
0661322791
0661330029
0661335050
0661339230
0661339713
0661340127
0661340744
0661351616
0661352010
0661355000
0661361916
0661370156
0661370380
0661371760
0661377103
0661383928
0661387965
0661389037
0661390492
0661400893
0661403609
0661403985
0661405959
0661407815
0661409317
0661412553
0661413527
0661420816
0661420973
0661421627
0661423153
0661427748
0661427831
0661435038
0661444555
0661447192
0661449250
0661453838
0661454012
0661454630
0661454858
0661456807
0661457610
0661459881
0661462837
0661463956
0661467667
0661469396
0661479010
0661479300
0661481890
0661483173
0661488808
0661490962
0661497516
0661499573
0661500009
0661500055
0661502041
0661502120
0661504656
0661506054
0661506965
0661507091
0661507254
0661510853
0661510853
0661511978
0661512041
0661513088
0661513634
0661514509
0661515255
0661515514
0661515627
0661516159
0661516732
0661517181
0661517275
0661517949
0661520727
0661520989
0661521509
0661521880
0661522428
0661522654
0661524656
0661524727
0661526480
0661527082
0661527702
0661528741
0661529280
0661529503
0661530486
0661530628
0661530953
0661531384
0661531400
0661532201
0661532219
0661533637
0661533671
0661534308
0661536217
0661536865
0661539173
0661540404
0661540631
0661542225
0661543615
0661543872
0661544669
0661544793
0661545555
0661546775
0661550298
0661551453
0661551454
0661551789
0661555123
0661555495
0661556405
0661557597
0661561110
0661563110
0661563882
0661565736
0661565859
0661566157
0661566738
0661567354
0661568726
0661569873
0661570030
0661570030
0661570500
0661572722
0661576159
0661577975
0661578963
0661579350
0661579552
0661581053
0661581288
0661582703
0661587240
0661588280
0661590992
0661593462
0661593715
0661594697
0661595525
0661596450
0661597015
0661600486
0661600832
0661602686
0661603232
0661603558
0661610241
0661610317
0661611503
0661611866
0661614484
0661616559
0661616690
0661619001
0661623938
0661625732
0661627158
0661627662
0661637321
0661637763
0661640649
0661647199
0661648334
0661651323
0661655694
0661657489
0661658376
0661660008
0661660530
0661660558
0661660791
0661662649
0661664321
0661666206
0661671141
0661671812
0661673188
0661673938
0661674675
0661676420
0661679337
0661681710
0661683133
0661684328
0661684519
0661685684
0661686607
0661688138
0661689477
0661689586
0661690168
0661691116
0661694261
0661697238
0661698989
0661699171
0661699560
0661700179
0661702922
0661703740
0661703740
0661705692
0661707241
0661708741
0661724157
0661725937
0661726676
0661726865
0661727559
0661731133
0661732629
0661737424
0661740029
0661740079
0661742450
0661742928
0661749197
0661751031
0661751121
0661753562
0661757095
0661763511
0661766399
0661767760
0661770390
0661770669
0661770720
0661772142
0661773912
0661775659
0661780482
0661782814
0661787802
0661791011
0661795574
0661801747
0661803672
0661805562
0661805562
0661809601
0661816228
0661816500
0661822765
0661827012
0661828420
0661840011
0661843612
0661850427
0661852091
0661857694
0661864013
0661870064
0661878200
0661878260
0661878683
0661890107
0661891392
0661892376
0661900002
0661900177
0661900813
0661900951
0661911050
0661912391
0661915254
0661918743
0661921255
0661921642
0661923531
0661923532
0661924732
0661925145
0661925556
0661925911
0661927066
0661929717
0661940269
0661943110
0661952505
0661955544
0661965590
0661968261
0661975253
0661981140
0661981223
0661981326
0661983475
0661984299
0661985070
0661985112
0661986242
0661987089
0661989851
0661990259
0661991694
0661992853
0661995419
0661996388
0662023563
0662025399
0662025446
0662028265
0662031013
0662031013
0662031844
0662038756
0662040535
0662044414
0662044414
0662045100
0662045134
0662045275
0662045332
0662049500
0662050852
0662056231
0662062874
0662066243
0662072191
0662074040
0662083105
0662091691
0662095901
0662109540
0662111383
0662113523
0662143737
0662149435
0662162216
0662164828
0662169822
0662171276
0662199875
0662221961
0662231652
0662235389
0662237325
0662248364
0662249844
0662252783
0662253263
0662271818
0662273093
0662288842
0662293290
0662335282
0662373566
0662387972
0662424038
0662438098
0662444615
0662446608
0662458391
0662462394
0662481600
0662490979
0662495932
0662502760
0662516482
0662535234
0662537373
0662559527
0662569203
0662573017
0662596772
0662605137
0662666189
0662669584
0662673787
0662731479
0662754243
0662754769
0662755174
0662756689
0662757553
0662806888
0662843536
0662893616
0662900634
0662922616
0662975620
0662975620
0662976055
0662982045
0663012903
0663017159
0663019683
0663022120
0663040927
0663043687
0663053287
0663073067
0663080852
0663113897
0663137289
0663162829
0663187628
0663188436
0663206458
0663209386
0663239908
0663294855
0663335352
0663451357
0663491178
06635010177
0663520210
0663549170
0663571757
0663603666
0663621606
0663628897
0663636200
0663656363
0663661887
0663706253
0663723934
0663740935
0663808910
0663816404
0663830960
0663906386
0663949848
0664019584
0664115050
0664181837
0664210877
0664262217
0664303345
0664313741
0664359512
0664375002
0664459896
0664505164
0664594157
0664640898
0664643662
0664647057
0664768200
0664776966
0664823880
0664873989
0664959868
0664974268
0665004236
0665026066
0665120148
0665157229
0665209373
0665366778
0665501062
0665606505
0665738791
0665738791
0665754845
0665828508
0665872993
0665898949
0665913910
0665915424
0665944135
0665999850
0666016767
0666030532
0666098081
0666183181
0666220806
0666230649
0666249487
0666276024
0666328282
0666438758
0666491222
0666492932
0666518585
0666532348
0666639698
0666654244
0666656434
0666667139
0666679565
0666715020
0666744929
0666889690
0666901882
0666912914
0666916333
0666965495
0667016097
0667023912
0667024985
0667040616
0667121723
0667173519
0667192775
0667193134
0667330797
0667336312
0667379905
0667434261
0667540726
0667595514
0667648634
0667673051
0667734497
0667744386
0667753397
0667812559
0667818034
0667944039
0667978007
0667979948
0668024096
0668057616
0668101112
0668124011
0668135325
0668147747
0668154152
0668363646
0668394736
0668487050
0668488499
0668525116
0668636939
0668846868
0668910748
0669010727
0669077784
0669100326
0669143325
0669173325
0669292855
0669314589
0669417826
0669422270
0669438917
0669583821
0669629560
0669654950
0669665416
0669677562
0669899862
0669953290
0669953290
0669953290
0670012990
0670050936
0670054093
0670060755
0670072434
0670103642
0670103645
0670116479
0670119145
0670162476
0670162541
0670166610
0670221058
0670226411
0670240838
0670262711
0670276342
0670299716
0670304192
0670311432
0670325100
0670360437
0670382429
0670421122
0670423526
0670444883
0670461016
0670464503
0670470329
0670471947
0670492334
0670496391
0671006365
0671019511
0671026948
0671046177
0671078976
0671083808
0671099121
0671116912
0671120099
0671138315
0671141642
0671179526
0671203304
0671224351
0671303191
0671304041
0671322583
0671327321
0671348827
0671362551
0671422461
0671455400
0671474730
0671477424
0671501703
0671503446
0671536672
0671538488
0671539100
0671570300
0671580387
0671586088
0671591179
0671595320
0671599495
0671610279
0671620033
0671698956
0671711440
0671724516
0671733759
0671747836
0671804133
0671855138
0671908071
0671914452
0671931727
0671984525
0671985270
0672233703
0672398535
0672433630
0672440187
0672506006
0672534859
0672556794
0672646554
0672972694
0673206629
0673237375
0673250728
0673309790
0673326462
0673326979
0673397783
0673422858
0673468626
0673529070
0673548244
0673718322
0673744479
0673757505
0673780808
0673781688
0673854545
0673964254
0673976726
0674070732
0674204458
0674204458
0674280498
0674377204
0674782338
0674909023
0674966172
0675171067
0675381808
0675551279
0676183546
0676394260
0676587587
0676621086
0676671197
0676772279
0676787395
0696101221
0696149733
0696236593
0696281172
0696513049
0696522280
0696531299
0696537740
0696580041
0696628701
0696694455
0696828282
0696895386
0696960881
0697051682
06971914452
0697201937
0697204952
0697255903
0697307225
0697312812
0697341314
0697459169
0697544900
0697563673
0697591511
0697707160
0697819326
0697821468
0697823297
0697834745
0697916981
0697931551
0697948882
0697963644
0698041800
0698049500
0698057062
0698082549
0698101678
0698106272
0698160705
0698163427
0698194545
0698238277
0698262002
0698274285
0698280186
0698291740
0698349160
0698480076
0698488855
0698513209
0698663193
0698685826
0698774994
0698801085
0698838562
0698911169
0698913424
0698922022
0698928203
0698953131
0699032400
0699059748
0699090360
0699189490
0699190159
0699207472
0699287164
0699323822
0699365605
0699422740
0699424703
0699446679
0699488070
0699506666
0699602508
0699705582
0699764109
0699855116
0699858280
0699873998
0699884084
0699910593
0699911619
0699944344
06999855116
0770007600
0770007620
0770022634
0770032212
0770062026
0770084564
0770086863
0770090133
0770090885
0770092007
0770092505
0770100959
0770101238
0770103008
0770105585
0770107033
0770110712
0770110772
0770110981
0770111841
0770115921
0770119538
0770124710
0770129817
0770134141
0770136757
0770137018
0770143599
0770148922
0770161034
0770161421
0770165770
0770171919
0770172514
0770175162
0770175388
0770176250
0770177155
0770177283
0770179404
0770181841
0770182516
0770194433
0770200825
0770204811
0770205916
0770210121
0770215000
0770217298
0770220604
0770222215
0770222423
0770234234
0770239473
0770244646
0770246990
0770247231
0770247232
0770247412
0770247623
0770252017
0770253713
0770254164
0770254660
0770262365
0770263218
0770269925
0770271971
0770273368
0770273775
0770273945
0770275389
0770280189
0770288288
0770292525
0770293614
0770293939
0770298884
0770301537
0770304721
0770305168
0770305356
0770305377
0770305377
0770309146
0770310857
0770312169
0770312479
0770313193
0770317380
0770318603
0770321729
0770322394
0770322425
0770323176
0770324032
0770324032
0770326411
0770328664
0770331598
0770332584
0770339532
0770343969
0770343994
0770347300
0770354925
0770356169
0770356410
0770358597
0770360549
0770363636
0770364369
0770364556
0770366303
0770367557
0770373007
0770374397
0770375009
0770376104
0770381506
0770383877
0770389705
0770393739
0770396175
0770398555
0770401547
0770405447
0770406514
0770409341
0770414242
0770416390
0770419065
0770420605
0770422534
0770422950
0770423292
0770425139
0770433838
0770436677
0770440349
0770443192
0770443192
0770443738
0770450068
0770452370
0770452370
0770457723
0770458488
0770470161
0770482645
0770486341
0770491352
0770495930
0770496915
0770497260
0770500454
0770502871
0770507788
0770510534
0770512540
0770515998
0770520801
0770525128
0770525359
0770525687
0770526161
0770530944
0770532062
0770532508
0770532927
0770532969
0770543043
0770545018
0770546475
0770547614
0770556704
0770561290
0770562292
0770565050
0770568983
0770573457
0770574515
0770575167
0770579089
0770582589
0770582882
0770584598
0770586458
0770586767
0770588000
0770588158
0770591691
0770593311
0770596581
0770601523
0770606968
0770607957
0770609527
0770610900
0770617299
0770617590
0770619134
0770626297
0770626305
0770630969
0770632482
0770632625
0770633533
0770636106
0770640671
0770641440
0770645159
0770646896
0770649604
0770650020
0770651621
0770652002
0770653204
0770653283
0770654273
0770654836
0770659090
0770660792
0770670210
0770671635
0770674857
0770674902
0770676590
0770678824
0770681977
0770683306
0770684227
0770686770
0770686856
0770687681
0770695241
0770699475
0770702141
0770702334
0770708969
0770709095
0770713062
0770718523
0770725881
0770732529
0770732962
0770733363
0770735111
0770740656
0770741721
0770741978
0770743598
0770747516
0770757206
0770757546
0770758175
0770758558
0770761492
0770765429
0770769607
0770770008
0770772122
0770774099
0770774621
0770775956
0770777049
0770778870
0770788906
0770795531
0770800000
0770801011
0770803187
0770806070
0770806499
0770819540
0770827295
0770828570
0770831593
0770832905
0770836422
0770837023
0770846701
0770858686
0770860286
0770860592
0770862466
0770863799
0770864997
0770866572
0770867226
0770869762
0770869850
0770871176
0770871720
0770873947
0770875283
0770876011
0770876688
0770880135
0770882120
0770885408
0770885933
0770888083
0770888199
0770890028
0770892455
0770892929
0770893039
0770893621
0770894492
0770895818
0770897392
0770900170
0770900321
0770900783
0770900825
0770900865
0770901057
0770902035
0770903503
0770903626
0770904532
0770905552
0770906761
0770910377
0770911959
0770912795
0770913024
0770913603
0770913736
0770915190
0770915811
0770916066
0770916211
0770916724
0770917868
0770918221
0770918911
0770920899
0770921010
0770921453
0770921800
0770923342
0770924111
0770924737
0770927716
0770927962
0770928410
0770928985
0770929279
0770929709
0770931276
0770934288
0770937289
0770938139
0770939130
0770940809
0770941398
0770943501
0770949901
0770951173
0770953200
0770955812
0770957844
0770963899
0770967499
0770969821
0770970140
0770970975
0770971084
0770971108
0770971285
0770972390
0770972473
0770974400
0770975810
0770978084
0770979789
0770980653
0770983322
0770983840
0770984175
0770984717
0770986015
0770987003
0770989270
0770991066
0770993305
0770995184
0771008705
0771023680
0771080000
0771090369
0771106743
0771116607
0771117674
0771124620
0771137006
0771141021
0771148389
0771158415
0771162339
0771183862
0771184029
0771184029
0771185376
0771198017
0771198350
0771204309
0771214468
0771215957
0771223009
0771228346
0771230025
0771244070
0771248373
0771254493
0771267765
0771267765
0771267765
0771278628
0771290224
0771293553
0771311104
0771323660
0771334102
0771334633
0771340330
0771354501
0771360925
0771371785
0771400165
0771402288
0771412441
0771452965
0771460983
0771466878
0771470470
0771470955
0771470956
0771474017
0771480074
0771495247
0771504909
0771505465
0771506109
0771507954
0771516871
0771518162
0771572151
0771572848
0771578534
0771581515
0771583115
0771585309
0771587741
0771610784
0771617586
0771623972
0771630331
0771638105
0771664494
0771673252
0771683231
0771688417
0771702972
0771707125
0771713533
0771717768
0771720129
0771739671
0771739671
0771782454
0771805060
0771816055
0771818808
0771821468
0771823425
0771829565
0771847768
0771850145
0771853554
0771860676
0771860676
0771882331
0771901813
0771909496
0771918095
0771932755
0771960150
0771965886
0771977046
0771978784
0771999122
0771999122
0772117959
0772125923
0772149441
0772150220
0772159405
0772169569
0772179568
0772185908
0772194909
0772225988
0772275250
0772287113
0772289294
0772291495
0772307147
0772319503
0772321466
0772336605
0772336915
0772337728
0772337998
0772385838
0772385838
0772400808
0772412958
0772413317
0772414016
0772417013
0772425962
0772425966
0772431220
0772478433
0772496533
0772554366
0772561519
0772581608
0772637472
0772637472
0772638644
0772714144
0772718113
0772723536
0772733504
0772748501
0772748501
0772819458
0772823989
0772829451
0772860024
0772883031
0772892065
0772938292
0772977909
0773099177
0773125260
0773126664
0773157171
0773186148
0773239668
0773264379
0773320537
0773325771
0773402541
0773424200
0773427360
0773505895
0773511417
0773567851
0773602455
0773641815
0773724227
0773744716
0773745162
0773779302
0773910697
0773943975
0774017238
0774190183
0774190567
0774196790
0774222883
0774250102
0774256281
0774320505
0774412370
0774424723
0774544641
0774599575
0774627236
0774630081
0774675222
0774694444
0774708678
0774790691
0774835905
0774908420
0774934084
0774956673
0774971793
0774982266
0775047043
0775090864
0775150400
0775160232
0775161783
0775174449
0775174449
0775183333
0775223578
0775224664
0775319119
0775320032
0775539391
0775630903
0775650217
0775688391
0775717539
0775766769
0775836968
0775952434
0776070077
0776094680
0776119997
0776231315
0776233230
0776255954
0776281646
0776332706
0776340236
0776398977
0776475362
0776494049
0776545920
0776866182
0776912426
0776980123
0777007581
0777192510
0777301622
0777410937
0777635122
0777667237
0777766541
0777795488
0777860457
0777871450
0777892748
0777900731
0777928045
0778108806
0778127755
0778144924
0778195089
0778195089
0778231947
0778296818
0778465595
0778466203
0778552587
0778592282
0778615833
0778626987
0778645995
0778672036
0778900002
0778923158
0778923235
0778936886
0778967050
0778978484
0779010268
0779132702
0779177439
0779188606
0779228826
0779241128
0779374027
0779434160
0779570406
0779573119
0779692716
0779726912
0779775239
0779816582
0779878742
0779918572
0780000180
0780012632
0780054585
0780054585
0780085021
0780103274
0780370044
0780471716
0780682820
0780706295
0780809634
0780960351
0781077027
0781095184
0781104141
0781441450
0781490283
0781527545
0781533049
0781592385
0781620076
0781684212
0781729035
0781733044
0781811284
0781837004
0781849322
0781855568
0781859846
0781947986
0782037588
0782090771
0782114532
0782190828
0782209293
0782211623
0782211635
0782211636
0782219051
0782243902
0782448232
0782453686
0782453977
0782460452
0782519879
0782785723
0782802350
0782815453
0782873890
0782949496
0783071992
0783109930
0783160099
0783192265
0783275821
0783280463
0783630058
0783630308
0783750898
0783770735
0784148020
0784218609
0784232043
0784398140
0784424135
0784489043
0784502931
0790133480
0790207182
0790347070
0790384428
0790387185
0790407116
0790568470
0790800096
0790806862
0791109973
0791109973
0791195169
0791201341
0791215716
0791407080
0791510760
0791540569
0791680735
0791680735
0791698734
0791714003
0791731310
0791857921
0791910568
0791925742
0792087143
0792145522
0792181769
0792183462
0792242482
0792282428
0792362650
0792542057
0792614080
0792713038
0792725846
0792725846
0792896642
0792934338
0793025834
0793059134
0793071410
0793122506
0793171536
0793193200
0793206200
0793284797
0793307530
0793320045
0793465076
0793484719
0793543869
0793553885
0793586238
0793660344
0793831281
0793898242
0793938469
0794141834
0794172314
0794177870
0794184385
0794292548
0794395510
0794605335
0794739875
0794812242
0795059859
0795073300
0795113104
0795251774
0795310105
0795324766
0795409037
0795433036
0795483233
0795585254
0795588065
0795775502
0795828043
0795867485
0795955487
0796009474
0796083830
0796261717
0796264928
0796318573
0796322835
0796327210
0796352872
0796475211
0796626135
0796644421
0796790102
0796796331
0796868435
0796971259
0797051736
0797147338
0797149247
0797149247
0797169511
0797194503
0797212364
0797267610
0797275887
0797319101
0797332538
0797351342
0797369327
0797380330
0797404597
0797405327
0797566041
0797569980
0797606584
0797630711
0797666871
0797705454
0797856721
0797970197
0798115465
0798133598
0798299847
0798338089
0798578677
0798673513
0798673513
0798720389
0798777777
0798808858
0798857040
0798969049
0798982029
0799000919
0799069233
0799079036
0799128313
0799160013
0799160817
0799162806
0799165142
0799232689
0799253805
0799297820
0799347447
0799451426
0799490907
0799524523
0799932879
0799960220